                        Forme Standard
+------+------+------+------+------+------+------+------+------+
| 0.00 |   Cj | 0.00 | 5.00 |10.00 | 0.00 | 0.00 | 0.00 | 0.00 |
+------+------+------+------+------+------+------+------+------+
| 0.00 |   S1 |36.00 | 6.00 | 2.00 | 1.00 | 0.00 | 0.00 | 0.00 |
+------+------+------+------+------+------+------+------+------+
| 0.00 |   S2 |50.00 | 5.00 | 5.00 | 0.00 | 1.00 | 0.00 | 0.00 |
+------+------+------+------+------+------+------+------+------+
| 0.00 |   Zj | 0.00 | 0.00 | 0.00 | 0.00 | 0.00 | 0.00 | 0.00 |
+------+------+------+------+------+------+------+------+------+
| 0.00 |Cj-Zj | 0.00 | 5.00 |10.00 | 0.00 | 0.00 | 0.00 | 0.00 |
+------+------+------+------+------+------+------+------+------+
* Max = 10
** Min = 10.0
*** Pivot (A[2][3]) = 5.00
                        Choix Pivot
+------+------+------+------+------+------+------+------+------+
| 0.00 |   Cj | 0.00 | 5.00 |10.00 | 0.00 | 0.00 | 0.00 | 0.00 |
+------+------+------+------+------+------+------+------+------+
| 0.00 |   S1 |36.00 | 6.00 | 2.00 | 1.00 | 0.00 | 0.00 |18.00 |
+------+------+------+------+------+------+------+------+------+
|10.00 |   X2 |50.00 | 5.00 | 5.00 | 0.00 | 1.00 | 0.00 |10.00 |
+------+------+------+------+------+------+------+------+------+
| 0.00 |   Zj | 0.00 | 0.00 | 0.00 | 0.00 | 0.00 | 0.00 | 0.00 |
+------+------+------+------+------+------+------+------+------+
| 0.00 |Cj-Zj | 0.00 | 5.00 |10.00 | 0.00 | 0.00 | 0.00 | 0.00 |
+------+------+------+------+------+------+------+------+------+
                        Apres Elimination
+-------+-------+-------+-------+-------+-------+-------+-------+-------+
|  0.00 |   Cj |  0.00 |  5.00 | 10.00 |  0.00 |  0.00 |  0.00 |  0.00 |
+-------+-------+-------+-------+-------+-------+-------+-------+-------+
|  0.00 |   S1 | 32.00 |  5.60 |  1.60 |  1.00 | -0.08 |  0.00 | 18.00 |
+-------+-------+-------+-------+-------+-------+-------+-------+-------+
| 10.00 |   X2 | 10.00 |  1.00 |  1.00 |  0.00 |  0.20 |  0.00 | 10.00 |
+-------+-------+-------+-------+-------+-------+-------+-------+-------+
|  0.00 |   Zj |100.00 | 10.00 | 10.00 |  0.00 |  2.00 |  0.00 |  0.00 |
+-------+-------+-------+-------+-------+-------+-------+-------+-------+
|  0.00 |Cj-Zj |  0.00 | -5.00 |  0.00 |  0.00 | -2.00 |  0.00 |  0.00 |
+-------+-------+-------+-------+-------+-------+-------+-------+-------+
Solution optimale atteinte
Z* =  100.0
